2460	A	1	0.470000
2460	A	2	0.821782
2460	A	3	0.000000
2460	A	4	0.260000
2460	A	5	0.010000
2460	A	6	0.000000
2460	A	7	0.000000
2460	A	8	0.000000
2460	A	9	0.000000
2460	A	10	0.230000
2460	C	1	0.220000
2460	C	2	0.009901
2460	C	3	0.820000
2460	C	4	0.000000
2460	C	5	0.000000
2460	C	6	1.000000
2460	C	7	1.000000
2460	C	8	0.000000
2460	C	9	0.030000
2460	C	10	0.140000
2460	G	1	0.140000
2460	G	2	0.158416
2460	G	3	0.020000
2460	G	4	0.000000
2460	G	5	0.000000
2460	G	6	0.000000
2460	G	7	0.000000
2460	G	8	0.959596
2460	G	9	0.960000
2460	G	10	0.030000
2460	T	1	0.170000
2460	T	2	0.009901
2460	T	3	0.160000
2460	T	4	0.740000
2460	T	5	0.990000
2460	T	6	0.000000
2460	T	7	0.000000
2460	T	8	0.040404
2460	T	9	0.010000
2460	T	10	0.600000
2461	A	1	0.360000
2461	A	2	0.760000
2461	A	3	0.000000
2461	A	4	0.111111
2461	A	5	0.010000
2461	A	6	0.000000
2461	A	7	0.000000
2461	A	8	0.000000
2461	A	9	0.060000
2461	A	10	0.118812
2461	C	1	0.230000
2461	C	2	0.010000
2461	C	3	0.450000
2461	C	4	0.000000
2461	C	5	0.000000
2461	C	6	1.000000
2461	C	7	1.000000
2461	C	8	0.010000
2461	C	9	0.050000
2461	C	10	0.089109
2461	G	1	0.170000
2461	G	2	0.210000
2461	G	3	0.010000
2461	G	4	0.000000
2461	G	5	0.000000
2461	G	6	0.000000
2461	G	7	0.000000
2461	G	8	0.950000
2461	G	9	0.860000
2461	G	10	0.039604
2461	T	1	0.240000
2461	T	2	0.020000
2461	T	3	0.540000
2461	T	4	0.888889
2461	T	5	0.990000
2461	T	6	0.000000
2461	T	7	0.000000
2461	T	8	0.040000
2461	T	9	0.030000
2461	T	10	0.752475
2462	A	1	0.267327
2462	A	2	0.660000
2462	A	3	0.000000
2462	A	4	0.070000
2462	A	5	0.010000
2462	A	6	0.000000
2462	A	7	0.000000
2462	A	8	0.000000
2462	A	9	0.010000
2462	A	10	0.240000
2462	C	1	0.237624
2462	C	2	0.010000
2462	C	3	0.540000
2462	C	4	0.000000
2462	C	5	0.000000
2462	C	6	1.000000
2462	C	7	1.000000
2462	C	8	0.020000
2462	C	9	0.190000
2462	C	10	0.290000
2462	G	1	0.059406
2462	G	2	0.290000
2462	G	3	0.030000
2462	G	4	0.010000
2462	G	5	0.000000
2462	G	6	0.000000
2462	G	7	0.000000
2462	G	8	0.780000
2462	G	9	0.680000
2462	G	10	0.280000
2462	T	1	0.435644
2462	T	2	0.040000
2462	T	3	0.430000
2462	T	4	0.920000
2462	T	5	0.990000
2462	T	6	0.000000
2462	T	7	0.000000
2462	T	8	0.200000
2462	T	9	0.120000
2462	T	10	0.190000
2463	A	1	0.320000
2463	A	2	0.850000
2463	A	3	0.000000
2463	A	4	0.060000
2463	A	5	0.010101
2463	A	6	0.000000
2463	A	7	0.000000
2463	A	8	0.000000
2463	A	9	0.000000
2463	A	10	0.240000
2463	C	1	0.260000
2463	C	2	0.010000
2463	C	3	0.790000
2463	C	4	0.000000
2463	C	5	0.000000
2463	C	6	1.000000
2463	C	7	0.990000
2463	C	8	0.010000
2463	C	9	0.140000
2463	C	10	0.060000
2463	G	1	0.130000
2463	G	2	0.080000
2463	G	3	0.030000
2463	G	4	0.000000
2463	G	5	0.000000
2463	G	6	0.000000
2463	G	7	0.000000
2463	G	8	0.890000
2463	G	9	0.840000
2463	G	10	0.310000
2463	T	1	0.290000
2463	T	2	0.060000
2463	T	3	0.180000
2463	T	4	0.940000
2463	T	5	0.989899
2463	T	6	0.000000
2463	T	7	0.010000
2463	T	8	0.100000
2463	T	9	0.020000
2463	T	10	0.390000
2464	A	1	0.320000
2464	A	2	0.710000
2464	A	3	0.010000
2464	A	4	0.070000
2464	A	5	0.010000
2464	A	6	0.010000
2464	A	7	0.009901
2464	A	8	0.009901
2464	A	9	0.030000
2464	A	10	0.190000
2464	C	1	0.090000
2464	C	2	0.010000
2464	C	3	0.530000
2464	C	4	0.000000
2464	C	5	0.010000
2464	C	6	0.970000
2464	C	7	0.970297
2464	C	8	0.029703
2464	C	9	0.240000
2464	C	10	0.280000
2464	G	1	0.030000
2464	G	2	0.210000
2464	G	3	0.020000
2464	G	4	0.010000
2464	G	5	0.000000
2464	G	6	0.010000
2464	G	7	0.009901
2464	G	8	0.683168
2464	G	9	0.590000
2464	G	10	0.300000
2464	T	1	0.560000
2464	T	2	0.070000
2464	T	3	0.440000
2464	T	4	0.920000
2464	T	5	0.980000
2464	T	6	0.010000
2464	T	7	0.009901
2464	T	8	0.277228
2464	T	9	0.140000
2464	T	10	0.230000
2465	A	1	0.316832
2465	A	2	0.870000
2465	A	3	0.000000
2465	A	4	0.050000
2465	A	5	0.010000
2465	A	6	0.000000
2465	A	7	0.000000
2465	A	8	0.000000
2465	A	9	0.000000
2465	A	10	0.158416
2465	C	1	0.198020
2465	C	2	0.010000
2465	C	3	0.830000
2465	C	4	0.000000
2465	C	5	0.000000
2465	C	6	1.000000
2465	C	7	0.990000
2465	C	8	0.010000
2465	C	9	0.110000
2465	C	10	0.059406
2465	G	1	0.099010
2465	G	2	0.090000
2465	G	3	0.010000
2465	G	4	0.000000
2465	G	5	0.000000
2465	G	6	0.000000
2465	G	7	0.000000
2465	G	8	0.880000
2465	G	9	0.870000
2465	G	10	0.396040
2465	T	1	0.386139
2465	T	2	0.030000
2465	T	3	0.160000
2465	T	4	0.950000
2465	T	5	0.990000
2465	T	6	0.000000
2465	T	7	0.010000
2465	T	8	0.110000
2465	T	9	0.020000
2465	T	10	0.386139
2466	A	1	0.237624
2466	A	2	0.148515
2466	A	3	0.430000
2466	A	4	0.010000
2466	A	5	0.000000
2466	A	6	0.990000
2466	A	7	0.950000
2466	A	8	0.170000
2466	A	9	0.030303
2466	A	10	0.287129
2466	C	1	0.376238
2466	C	2	0.326733
2466	C	3	0.520000
2466	C	4	0.000000
2466	C	5	0.000000
2466	C	6	0.000000
2466	C	7	0.000000
2466	C	8	0.010000
2466	C	9	0.050505
2466	C	10	0.108911
2466	G	1	0.158416
2466	G	2	0.514851
2466	G	3	0.050000
2466	G	4	0.990000
2466	G	5	1.000000
2466	G	6	0.000000
2466	G	7	0.000000
2466	G	8	0.820000
2466	G	9	0.010101
2466	G	10	0.128713
2466	T	1	0.227723
2466	T	2	0.009901
2466	T	3	0.000000
2466	T	4	0.000000
2466	T	5	0.000000
2466	T	6	0.010000
2466	T	7	0.050000
2466	T	8	0.000000
2466	T	9	0.909091
2466	T	10	0.475248
2467	A	1	0.320000
2467	A	2	0.780000
2467	A	3	0.000000
2467	A	4	0.110000
2467	A	5	0.010000
2467	A	6	0.000000
2467	A	7	0.000000
2467	A	8	0.000000
2467	A	9	0.010000
2467	A	10	0.188119
2467	C	1	0.330000
2467	C	2	0.010000
2467	C	3	0.585859
2467	C	4	0.000000
2467	C	5	0.000000
2467	C	6	1.000000
2467	C	7	1.000000
2467	C	8	0.000000
2467	C	9	0.030000
2467	C	10	0.118812
2467	G	1	0.180000
2467	G	2	0.200000
2467	G	3	0.010101
2467	G	4	0.000000
2467	G	5	0.000000
2467	G	6	0.000000
2467	G	7	0.000000
2467	G	8	0.898990
2467	G	9	0.940000
2467	G	10	0.039604
2467	T	1	0.170000
2467	T	2	0.010000
2467	T	3	0.404040
2467	T	4	0.890000
2467	T	5	0.990000
2467	T	6	0.000000
2467	T	7	0.000000
2467	T	8	0.101010
2467	T	9	0.020000
2467	T	10	0.653465
2468	A	1	0.831683
2468	A	2	0.020000
2468	A	3	0.140000
2468	A	4	0.000000
2468	A	5	0.000000
2468	A	6	0.990000
2468	A	7	0.811881
2468	A	8	0.373737
2468	A	9	0.120000
2468	A	10	0.360000
2468	C	1	0.029703
2468	C	2	0.920000
2468	C	3	0.860000
2468	C	4	0.000000
2468	C	5	0.000000
2468	C	6	0.000000
2468	C	7	0.019802
2468	C	8	0.010101
2468	C	9	0.190000
2468	C	10	0.230000
2468	G	1	0.108911
2468	G	2	0.060000
2468	G	3	0.000000
2468	G	4	1.000000
2468	G	5	1.000000
2468	G	6	0.000000
2468	G	7	0.000000
2468	G	8	0.616162
2468	G	9	0.030000
2468	G	10	0.210000
2468	T	1	0.029703
2468	T	2	0.000000
2468	T	3	0.000000
2468	T	4	0.000000
2468	T	5	0.000000
2468	T	6	0.010000
2468	T	7	0.168317
2468	T	8	0.000000
2468	T	9	0.660000
2468	T	10	0.200000
2469	A	1	0.653465
2469	A	2	0.010000
2469	A	3	0.080000
2469	A	4	0.010000
2469	A	5	0.000000
2469	A	6	0.990000
2469	A	7	0.750000
2469	A	8	0.108911
2469	A	9	0.010000
2469	A	10	0.480000
2469	C	1	0.029703
2469	C	2	0.910000
2469	C	3	0.920000
2469	C	4	0.000000
2469	C	5	0.000000
2469	C	6	0.000000
2469	C	7	0.010000
2469	C	8	0.079208
2469	C	9	0.200000
2469	C	10	0.140000
2469	G	1	0.168317
2469	G	2	0.080000
2469	G	3	0.000000
2469	G	4	0.990000
2469	G	5	1.000000
2469	G	6	0.000000
2469	G	7	0.000000
2469	G	8	0.801980
2469	G	9	0.020000
2469	G	10	0.250000
2469	T	1	0.148515
2469	T	2	0.000000
2469	T	3	0.000000
2469	T	4	0.000000
2469	T	5	0.000000
2469	T	6	0.010000
2469	T	7	0.240000
2469	T	8	0.009901
2469	T	9	0.770000
2469	T	10	0.130000
2470	A	1	0.410000
2470	A	2	0.750000
2470	A	3	0.000000
2470	A	4	0.090909
2470	A	5	0.010000
2470	A	6	0.000000
2470	A	7	0.000000
2470	A	8	0.000000
2470	A	9	0.101010
2470	A	10	0.240000
2470	C	1	0.220000
2470	C	2	0.020000
2470	C	3	0.494949
2470	C	4	0.000000
2470	C	5	0.000000
2470	C	6	1.000000
2470	C	7	1.000000
2470	C	8	0.010000
2470	C	9	0.060606
2470	C	10	0.090000
2470	G	1	0.140000
2470	G	2	0.190000
2470	G	3	0.020202
2470	G	4	0.010101
2470	G	5	0.000000
2470	G	6	0.000000
2470	G	7	0.000000
2470	G	8	0.940000
2470	G	9	0.808081
2470	G	10	0.060000
2470	T	1	0.230000
2470	T	2	0.040000
2470	T	3	0.484848
2470	T	4	0.898990
2470	T	5	0.990000
2470	T	6	0.000000
2470	T	7	0.000000
2470	T	8	0.050000
2470	T	9	0.030303
2470	T	10	0.610000
2471	A	1	0.360000
2471	A	2	0.720000
2471	A	3	0.000000
2471	A	4	0.336634
2471	A	5	0.010000
2471	A	6	0.000000
2471	A	7	0.000000
2471	A	8	0.000000
2471	A	9	0.010000
2471	A	10	0.237624
2471	C	1	0.250000
2471	C	2	0.030000
2471	C	3	0.616162
2471	C	4	0.009901
2471	C	5	0.000000
2471	C	6	1.000000
2471	C	7	1.000000
2471	C	8	0.000000
2471	C	9	0.090000
2471	C	10	0.198020
2471	G	1	0.180000
2471	G	2	0.210000
2471	G	3	0.050505
2471	G	4	0.009901
2471	G	5	0.000000
2471	G	6	0.000000
2471	G	7	0.000000
2471	G	8	0.930000
2471	G	9	0.890000
2471	G	10	0.059406
2471	T	1	0.210000
2471	T	2	0.040000
2471	T	3	0.333333
2471	T	4	0.643564
2471	T	5	0.990000
2471	T	6	0.000000
2471	T	7	0.000000
2471	T	8	0.070000
2471	T	9	0.010000
2471	T	10	0.504950
2472	A	1	0.504950
2472	A	2	0.760000
2472	A	3	0.000000
2472	A	4	0.343434
2472	A	5	0.010000
2472	A	6	0.000000
2472	A	7	0.000000
2472	A	8	0.000000
2472	A	9	0.000000
2472	A	10	0.180000
2472	C	1	0.207921
2472	C	2	0.020000
2472	C	3	0.810000
2472	C	4	0.000000
2472	C	5	0.000000
2472	C	6	1.000000
2472	C	7	1.000000
2472	C	8	0.000000
2472	C	9	0.040000
2472	C	10	0.140000
2472	G	1	0.108911
2472	G	2	0.210000
2472	G	3	0.030000
2472	G	4	0.000000
2472	G	5	0.000000
2472	G	6	0.000000
2472	G	7	0.000000
2472	G	8	0.940000
2472	G	9	0.950000
2472	G	10	0.020000
2472	T	1	0.178218
2472	T	2	0.010000
2472	T	3	0.160000
2472	T	4	0.656566
2472	T	5	0.990000
2472	T	6	0.000000
2472	T	7	0.000000
2472	T	8	0.060000
2472	T	9	0.010000
2472	T	10	0.660000
2473	A	1	0.110000
2473	A	2	0.888889
2473	A	3	0.000000
2473	A	4	0.010101
2473	A	5	0.000000
2473	A	6	0.000000
2473	A	7	0.000000
2473	A	8	0.010000
2473	A	9	0.020000
2473	A	10	0.230000
2473	C	1	0.200000
2473	C	2	0.000000
2473	C	3	0.700000
2473	C	4	0.000000
2473	C	5	0.000000
2473	C	6	1.000000
2473	C	7	0.990000
2473	C	8	0.010000
2473	C	9	0.200000
2473	C	10	0.270000
2473	G	1	0.060000
2473	G	2	0.101010
2473	G	3	0.010000
2473	G	4	0.000000
2473	G	5	0.000000
2473	G	6	0.000000
2473	G	7	0.000000
2473	G	8	0.940000
2473	G	9	0.760000
2473	G	10	0.120000
2473	T	1	0.630000
2473	T	2	0.010101
2473	T	3	0.290000
2473	T	4	0.989899
2473	T	5	1.000000
2473	T	6	0.000000
2473	T	7	0.010000
2473	T	8	0.040000
2473	T	9	0.020000
2473	T	10	0.380000
2474	A	1	0.712871
2474	A	2	0.020000
2474	A	3	0.070707
2474	A	4	0.010000
2474	A	5	0.000000
2474	A	6	0.990000
2474	A	7	0.898990
2474	A	8	0.080000
2474	A	9	0.010000
2474	A	10	0.290000
2474	C	1	0.039604
2474	C	2	0.930000
2474	C	3	0.929293
2474	C	4	0.000000
2474	C	5	0.000000
2474	C	6	0.000000
2474	C	7	0.000000
2474	C	8	0.230000
2474	C	9	0.250000
2474	C	10	0.130000
2474	G	1	0.128713
2474	G	2	0.040000
2474	G	3	0.000000
2474	G	4	0.990000
2474	G	5	1.000000
2474	G	6	0.000000
2474	G	7	0.000000
2474	G	8	0.680000
2474	G	9	0.020000
2474	G	10	0.260000
2474	T	1	0.118812
2474	T	2	0.010000
2474	T	3	0.000000
2474	T	4	0.000000
2474	T	5	0.000000
2474	T	6	0.010000
2474	T	7	0.101010
2474	T	8	0.010000
2474	T	9	0.720000
2474	T	10	0.320000
2475	A	1	0.680000
2475	A	2	0.019802
2475	A	3	0.090000
2475	A	4	0.010000
2475	A	5	0.000000
2475	A	6	0.980000
2475	A	7	0.900000
2475	A	8	0.080000
2475	A	9	0.010000
2475	A	10	0.330000
2475	C	1	0.050000
2475	C	2	0.910891
2475	C	3	0.910000
2475	C	4	0.000000
2475	C	5	0.000000
2475	C	6	0.000000
2475	C	7	0.010000
2475	C	8	0.180000
2475	C	9	0.340000
2475	C	10	0.110000
2475	G	1	0.180000
2475	G	2	0.059406
2475	G	3	0.000000
2475	G	4	0.990000
2475	G	5	1.000000
2475	G	6	0.000000
2475	G	7	0.000000
2475	G	8	0.730000
2475	G	9	0.060000
2475	G	10	0.300000
2475	T	1	0.090000
2475	T	2	0.009901
2475	T	3	0.000000
2475	T	4	0.000000
2475	T	5	0.000000
2475	T	6	0.020000
2475	T	7	0.090000
2475	T	8	0.010000
2475	T	9	0.590000
2475	T	10	0.260000
2476	A	1	0.353535
2476	A	2	0.600000
2476	A	3	0.000000
2476	A	4	0.130000
2476	A	5	0.010000
2476	A	6	0.000000
2476	A	7	0.000000
2476	A	8	0.000000
2476	A	9	0.020000
2476	A	10	0.150000
2476	C	1	0.202020
2476	C	2	0.010000
2476	C	3	0.545455
2476	C	4	0.000000
2476	C	5	0.000000
2476	C	6	1.000000
2476	C	7	1.000000
2476	C	8	0.000000
2476	C	9	0.040000
2476	C	10	0.250000
2476	G	1	0.181818
2476	G	2	0.360000
2476	G	3	0.030303
2476	G	4	0.020000
2476	G	5	0.000000
2476	G	6	0.000000
2476	G	7	0.000000
2476	G	8	0.950000
2476	G	9	0.910000
2476	G	10	0.060000
2476	T	1	0.262626
2476	T	2	0.030000
2476	T	3	0.424242
2476	T	4	0.850000
2476	T	5	0.990000
2476	T	6	0.000000
2476	T	7	0.000000
2476	T	8	0.050000
2476	T	9	0.030000
2476	T	10	0.540000
2477	A	1	0.353535
2477	A	2	0.740000
2477	A	3	0.000000
2477	A	4	0.080808
2477	A	5	0.010000
2477	A	6	0.000000
2477	A	7	0.000000
2477	A	8	0.000000
2477	A	9	0.000000
2477	A	10	0.200000
2477	C	1	0.222222
2477	C	2	0.010000
2477	C	3	0.520000
2477	C	4	0.000000
2477	C	5	0.000000
2477	C	6	1.000000
2477	C	7	1.000000
2477	C	8	0.000000
2477	C	9	0.020202
2477	C	10	0.150000
2477	G	1	0.252525
2477	G	2	0.240000
2477	G	3	0.010000
2477	G	4	0.000000
2477	G	5	0.000000
2477	G	6	0.000000
2477	G	7	0.000000
2477	G	8	0.910000
2477	G	9	0.969697
2477	G	10	0.030000
2477	T	1	0.171717
2477	T	2	0.010000
2477	T	3	0.470000
2477	T	4	0.919192
2477	T	5	0.990000
2477	T	6	0.000000
2477	T	7	0.000000
2477	T	8	0.090000
2477	T	9	0.010101
2477	T	10	0.620000
2478	A	1	0.780000
2478	A	2	0.020000
2478	A	3	0.040000
2478	A	4	0.000000
2478	A	5	0.000000
2478	A	6	0.990000
2478	A	7	0.880000
2478	A	8	0.237624
2478	A	9	0.010101
2478	A	10	0.260000
2478	C	1	0.040000
2478	C	2	0.930000
2478	C	3	0.950000
2478	C	4	0.000000
2478	C	5	0.000000
2478	C	6	0.000000
2478	C	7	0.000000
2478	C	8	0.029703
2478	C	9	0.090909
2478	C	10	0.160000
2478	G	1	0.110000
2478	G	2	0.040000
2478	G	3	0.010000
2478	G	4	1.000000
2478	G	5	1.000000
2478	G	6	0.000000
2478	G	7	0.000000
2478	G	8	0.722772
2478	G	9	0.010101
2478	G	10	0.340000
2478	T	1	0.070000
2478	T	2	0.010000
2478	T	3	0.000000
2478	T	4	0.000000
2478	T	5	0.000000
2478	T	6	0.010000
2478	T	7	0.120000
2478	T	8	0.009901
2478	T	9	0.888889
2478	T	10	0.240000
2479	A	1	0.257426
2479	A	2	0.099010
2479	A	3	0.267327
2479	A	4	0.040000
2479	A	5	0.000000
2479	A	6	0.979798
2479	A	7	0.960000
2479	A	8	0.030303
2479	A	9	0.030000
2479	A	10	0.300000
2479	C	1	0.019802
2479	C	2	0.108911
2479	C	3	0.405941
2479	C	4	0.000000
2479	C	5	0.000000
2479	C	6	0.000000
2479	C	7	0.000000
2479	C	8	0.232323
2479	C	9	0.090000
2479	C	10	0.080000
2479	G	1	0.257426
2479	G	2	0.693069
2479	G	3	0.306931
2479	G	4	0.960000
2479	G	5	1.000000
2479	G	6	0.000000
2479	G	7	0.000000
2479	G	8	0.727273
2479	G	9	0.020000
2479	G	10	0.260000
2479	T	1	0.465347
2479	T	2	0.099010
2479	T	3	0.019802
2479	T	4	0.000000
2479	T	5	0.000000
2479	T	6	0.020202
2479	T	7	0.040000
2479	T	8	0.010101
2479	T	9	0.860000
2479	T	10	0.360000
2480	A	1	0.272727
2480	A	2	0.070000
2480	A	3	0.060606
2480	A	4	0.000000
2480	A	5	0.000000
2480	A	6	0.545455
2480	A	7	0.290000
2480	A	8	0.212121
2480	A	9	0.230000
2480	A	10	0.178218
2480	C	1	0.111111
2480	C	2	0.880000
2480	C	3	0.939394
2480	C	4	0.000000
2480	C	5	0.050000
2480	C	6	0.070707
2480	C	7	0.040000
2480	C	8	0.303030
2480	C	9	0.380000
2480	C	10	0.227723
2480	G	1	0.070707
2480	G	2	0.050000
2480	G	3	0.000000
2480	G	4	0.939394
2480	G	5	0.880000
2480	G	6	0.111111
2480	G	7	0.010000
2480	G	8	0.141414
2480	G	9	0.140000
2480	G	10	0.237624
2480	T	1	0.545455
2480	T	2	0.000000
2480	T	3	0.000000
2480	T	4	0.060606
2480	T	5	0.070000
2480	T	6	0.272727
2480	T	7	0.660000
2480	T	8	0.343434
2480	T	9	0.250000
2480	T	10	0.356436
2481	A	1	0.640000
2481	A	2	0.128713
2481	A	3	0.267327
2481	A	4	0.020000
2481	A	5	0.000000
2481	A	6	0.989899
2481	A	7	0.979798
2481	A	8	0.040000
2481	A	9	0.029703
2481	A	10	0.320000
2481	C	1	0.060000
2481	C	2	0.108911
2481	C	3	0.514851
2481	C	4	0.000000
2481	C	5	0.000000
2481	C	6	0.000000
2481	C	7	0.000000
2481	C	8	0.130000
2481	C	9	0.049505
2481	C	10	0.050000
2481	G	1	0.070000
2481	G	2	0.683168
2481	G	3	0.207921
2481	G	4	0.980000
2481	G	5	1.000000
2481	G	6	0.000000
2481	G	7	0.000000
2481	G	8	0.820000
2481	G	9	0.019802
2481	G	10	0.170000
2481	T	1	0.230000
2481	T	2	0.079208
2481	T	3	0.009901
2481	T	4	0.000000
2481	T	5	0.000000
2481	T	6	0.010101
2481	T	7	0.020202
2481	T	8	0.010000
2481	T	9	0.900990
2481	T	10	0.460000
